26,5
26,4
26,3
26,2
26,1
26,0
25,3
25,2
25,1
25,0
24,5
24,4
24,3
24,2
24,1
24,0
23,4
23,3
23,2
23,1
23,0
22,5
22,4
22,3
22,2
22,1
22,0
21,3
21,2
21,1
21,0
18,4
18,3
18,2
18,1
18,0
15,5
15,4
15,3
15,2
15,1
15,0
14,5
14,4
14,3
14,2
14,1
14,0
13,3
13,2
13,1
13,0
12,4
12,3
12,2
12,1
12,0
11,131
11,130
11,129
11,128
11,127
11,126
11,125
11,124
11,123
11,122
11,121
11,120
11,119
11,118
11,117
11,116
11,115
11,114
11,113
11,112
11,111
11,110
11,109
11,108
11,107
11,106
11,105
11,104
11,103
11,88
11,87
11,86
11,85
11,84
11,83
11,82
11,81
11,80
11,79
11,78
11,77
11,76
11,75
11,74
11,73
11,72
11,71
11,70
11,69
11,68
11,67
11,66
11,65
11,64
11,4
11,3
11,2
11,1
11,0
10,3
10,2
10,1
10,0
9,5
9,4
9,3
9,2
9,1
9,0
8,5
8,4
8,3
8,2
8,1
8,0
7,3
5,3
4,3
3,2
2,2
1,2
0,9
1,45
3,44
2,44
1,44
3,43
2,43
1,43
3,42
2,42
1,42
3,41
2,41
1,41
3,40
2,40
1,40
3,39
2,39
1,39
3,38
2,38
1,38
3,37
2,37
1,37
3,36
2,36
1,36
3,35
2,35
1,35
3,34
2,34
1,34
3,33
2,33
1,33
3,32
2,32
1,32
3,31
2,31
1,31
3,30
2,30
1,30
3,29
2,29
1,29
3,28
2,28
1,28
3,27
2,27
1,27
3,26
2,26
1,26
3,25
2,25
1,25
3,24
2,24
1,24
3,23
2,23
1,23
3,22
2,22
1,22
3,21
2,21
1,21
3,20
2,20
1,20
3,19
2,19
1,19
3,18
2,18
1,18
3,17
2,17
1,17
3,16
2,16
1,16
3,15
2,15
1,15
3,14
2,14
1,14
3,13
2,13
1,13
3,12
2,12
1,12
3,11
2,11
1,11
3,10
2,10
1,10
3,9
2,9
1,9
3,8
2,8
1,8
3,7
2,7
1,7
3,6
2,6
1,6
3,5
2,5
1,5
3,4
2,4
1,4
3,3
3,0
2,3
2,0
1,3
1,0
0,6
0,0
0,47
0,46
0,49
0,48
0,45
0,12
0,10
0,8
0,11
0,5
0,7
0,4
0,3
